0 0
0 2
0 36
0 65
0 121
0 175
0 189
0 199
0 217
0 251
0 268
0 266
0 277
0 286
1 0
1 122
1 316
1 348
1 351
2 0
2 37
2 46
2 48
2 343
3 0
3 68
3 116
3 127
3 142
3 78
3 155
3 106
4 1
4 12
4 53
4 92
4 106
4 108
4 137
4 149
4 159
4 169
4 161
4 184
4 182
4 209
4 220
4 229
4 219
4 234
4 245
4 254
4 274
4 276
4 287
4 289
4 316
4 328
4 333
4 344
4 345
5 1
5 186
5 255
5 271
5 344
5 351
6 1
6 3
6 74
6 240
6 349
7 1
7 12
7 62
7 68
7 146
7 149
7 105
7 177
7 289
7 341
8 0
8 46
8 71
8 246
8 264
8 276
8 296
9 1
9 139
9 175
9 227
9 255
9 286
9 316
9 345
9 348
10 2
10 42
10 46
10 52
10 60
10 71
10 82
10 164
10 173
10 312
11 2
11 3
11 45
11 53
11 73
11 143
11 148
11 146
11 145
11 167
11 159
11 160
11 182
11 187
11 180
11 184
11 203
11 209
11 214
11 219
11 239
11 263
11 274
11 276
11 280
11 292
11 178
11 258
11 330
12 2
12 21
12 29
12 25
12 58
12 59
12 67
12 61
12 75
12 96
12 156
13 2
13 18
13 20
13 21
13 125
13 139
13 168
13 213
13 224
13 229
13 225
13 230
13 233
13 246
13 259
13 290
13 300
13 306
13 311
13 309
13 324
13 339
13 347
13 351
14 3
14 14
14 13
14 17
14 15
14 28
14 102
14 111
14 127
14 227
14 226
14 243
14 246
14 278
14 259
14 287
14 301
15 3
15 18
15 28
15 35
15 49
15 55
15 43
15 237
15 336
16 1
16 5
16 27
16 29
16 30
16 25
16 56
16 71
16 79
16 92
16 112
16 148
16 160
16 158
16 155
16 180
16 186
16 203
16 181
16 201
16 250
16 294
16 308
16 339
16 327
16 221
17 3
17 7
17 9
17 11
17 12
17 10
17 14
17 22
17 20
17 21
17 19
17 33
17 31
17 30
17 46
17 45
17 61
17 60
17 72
17 85
17 106
17 112
17 143
17 146
17 117
17 150
17 153
17 160
17 157
17 161
17 162
17 184
17 181
17 200
17 210
17 205
17 221
17 220
17 226
17 216
17 229
17 231
17 239
17 244
17 235
17 242
17 245
17 248
17 257
17 262
17 265
17 267
17 276
17 283
17 292
17 298
17 293
17 296
17 303
17 307
17 312
17 328
18 4
18 80
18 219
18 210
18 239
18 296
19 4
19 302
19 331
19 346
19 345
20 5
20 51
20 163
20 194
20 185
20 335
21 4
21 61
21 159
21 203
21 238
21 262
21 303
21 348
22 5
22 14
22 36
22 42
22 52
22 54
22 66
22 284
22 326
22 338
22 353
23 5
23 33
23 52
23 49
23 70
23 90
24 4
24 119
24 122
24 184
24 162
25 5
25 30
25 32
25 45
25 54
25 334
26 6
26 11
26 12
26 15
26 16
26 18
26 26
26 31
26 41
26 93
26 260
26 286
26 299
27 6
27 11
27 12
27 15
27 16
27 18
27 26
27 31
27 41
28 6
28 22
28 65
28 122
28 128
28 135
28 179
28 173
28 220
28 239
28 258
28 262
28 251
28 307
28 326
28 346
28 348
29 6
29 42
29 55
29 56
29 197
29 233
29 288
30 6
30 9
30 23
30 123
30 207
31 4
31 46
31 47
31 45
31 50
31 55
31 64
32 6
32 119
32 137
32 199
32 256
33 6
33 283
33 291
33 288
33 302
33 317
33 320
34 7
34 50
34 62
34 63
34 77
34 149
34 153
35 7
35 83
35 78
35 116
35 168
35 151
35 225
35 305
35 324
36 7
36 13
36 27
36 42
36 125
36 291
36 343
37 8
37 11
37 19
37 69
37 76
37 80
37 134
37 143
37 167
37 210
37 245
37 254
38 8
38 10
38 41
38 79
38 110
38 289
38 344
39 8
39 77
39 13
39 128
39 151
39 40
39 277
39 329
39 325
39 343
40 8
40 49
40 54
40 65
40 130
40 135
40 159
40 180
40 189
40 351
41 10
41 11
41 31
41 61
41 76
41 80
41 106
41 162
41 169
41 238
42 12
42 38
42 39
42 31
42 35
42 208
42 131
43 13
43 42
43 44
43 72
43 65
43 79
43 63
43 141
43 55
43 101
43 205
43 223
43 264
43 277
43 273
43 319
43 315
43 322
44 14
44 36
44 37
44 71
44 126
44 160
44 261
44 271
44 299
45 14
45 26
45 27
45 32
45 31
45 38
45 40
45 45
45 41
45 49
45 44
45 69
45 72
45 121
45 130
45 195
45 217
45 237
45 247
45 301
45 303
45 302
45 339
45 350
46 10
46 17
46 24
46 34
46 37
46 41
46 43
46 92
46 108
46 186
46 208
46 220
46 299
47 11
47 43
47 80
47 153
47 167
47 194
48 14
48 24
48 12
48 64
48 58
48 60
48 59
48 108
48 106
48 124
48 134
48 176
48 187
48 226
48 279
49 10
49 17
49 24
49 15
49 16
49 21
49 29
49 22
49 31
49 30
49 11
49 33
49 37
49 35
49 38
49 46
49 45
49 60
49 61
49 69
49 58
49 78
49 79
49 64
49 106
49 107
49 121
49 128
49 66
49 137
49 80
49 139
49 146
49 150
49 149
49 158
49 162
49 167
49 182
49 184
49 189
49 203
49 213
49 134
49 176
49 221
49 195
49 226
49 227
49 210
49 220
49 236
49 292
49 281
49 275
49 244
49 257
49 261
50 9
50 28
50 32
50 38
50 105
50 228
50 218
51 18
51 17
51 22
51 16
51 72
51 70
51 81
51 82
51 118
51 112
51 129
51 147
51 140
51 171
51 125
51 216
51 222
51 154
52 19
52 41
52 53
52 127
52 215
52 271
52 339
53 20
53 23
53 34
53 51
53 42
53 52
53 83
53 116
53 152
54 20
54 30
54 45
54 78
54 288
55 17
55 79
55 186
55 243
55 270
55 299
55 325
56 16
56 130
56 95
56 313
56 327
56 339
57 19
57 28
57 26
57 17
57 299
57 36
57 29
58 20
58 30
58 43
58 48
58 95
58 113
58 117
58 42
58 134
58 127
58 139
58 157
58 202
58 206
58 216
58 284
58 295
58 309
58 314
59 20
59 56
59 55
59 69
59 101
59 85
59 235
59 286
59 264
60 21
60 82
60 144
60 313
60 346
61 21
61 82
61 144
61 313
61 346
62 18
62 17
62 19
62 23
62 28
62 29
62 33
62 32
62 37
62 39
62 49
62 52
62 57
62 59
62 78
62 93
62 96
62 104
62 112
62 116
62 138
62 181
62 191
62 197
62 198
62 205
62 202
62 212
62 218
62 228
62 224
62 248
62 270
62 266
62 298
62 294
63 24
63 19
63 145
63 142
63 156
63 184
63 144
63 204
63 231
63 245
63 274
63 276
63 323
63 347
64 13
64 27
64 24
64 45
64 164
64 182
64 204
64 244
64 274
64 301
65 11
65 21
65 18
65 32
65 47
66 18
66 51
66 44
66 234
66 331
67 25
67 52
67 130
67 144
67 224
67 254
67 266
67 349
68 21
68 15
68 10
68 22
68 9
68 65
68 263
68 178
68 318
68 295
69 15
69 17
69 22
69 29
69 42
69 52
69 72
69 125
70 28
70 35
70 42
70 128
70 323
71 30
71 33
71 51
71 57
71 55
71 136
71 124
71 170
71 199
71 201
72 8
72 25
72 29
72 40
72 47
72 95
72 333
73 33
73 164
73 173
73 234
73 275
73 287
73 289
73 352
74 26
74 145
74 150
74 173
74 203
74 220
74 245
74 254
74 265
74 279
74 287
74 280
74 296
74 352
74 353
75 34
75 54
75 57
75 129
75 101
75 78
75 325
76 30
76 39
76 99
76 106
76 303
77 27
77 34
77 38
77 47
77 49
77 50
77 72
77 98
77 89
77 93
77 114
77 136
77 172
77 140
77 175
77 192
77 190
77 196
78 34
78 35
78 27
78 44
78 50
78 54
78 69
78 79
78 126
78 112
78 345
79 34
79 50
79 51
79 78
79 213
79 207
80 19
80 23
80 33
80 45
80 63
80 77
80 166
81 36
81 38
81 71
81 300
81 292
81 326
81 328
82 23
82 45
82 51
82 77
82 62
82 69
82 59
82 114
82 109
82 119
82 185
82 53
82 103
82 324
82 306
82 318
83 25
83 49
83 53
83 84
83 126
83 136
83 186
83 190
83 185
83 196
83 248
83 245
83 267
84 39
84 54
84 62
84 88
84 108
84 199
84 198
84 271
84 315
84 319
85 40
85 47
85 63
85 70
85 146
85 142
85 264
86 18
86 111
86 70
86 57
86 125
86 152
86 66
86 205
87 49
87 45
87 62
87 93
87 109
87 102
87 116
87 119
87 144
87 212
87 226
87 263
88 49
88 48
88 43
88 63
88 91
88 113
88 185
89 41
89 51
89 106
89 134
89 309
90 30
90 77
90 73
90 91
90 94
90 97
90 134
90 86
90 201
90 250
90 253
90 286
90 285
90 311
91 52
91 90
91 91
91 106
91 97
91 161
91 294
91 316
91 342
92 51
92 63
92 120
92 135
92 217
93 45
93 126
93 162
93 173
93 180
93 189
93 226
93 309
93 350
94 51
94 9
94 50
94 92
94 86
94 44
94 110
94 169
94 165
94 107
94 137
94 114
94 281
94 309
94 333
94 47
94 172
95 57
95 68
95 90
95 98
95 310
95 314
96 49
96 36
96 45
96 67
96 40
96 284
97 57
97 81
97 104
97 300
97 336
97 337
98 63
98 195
98 224
98 263
98 295
99 59
99 64
99 60
99 96
99 155
99 212
100 63
100 65
100 61
100 137
100 145
100 156
100 193
100 189
100 219
100 236
100 246
100 286
100 293
100 323
100 351
101 53
101 79
101 88
101 70
101 100
101 78
101 137
101 202
101 99
101 269
101 274
101 264
101 332
102 43
102 64
102 58
102 54
102 59
102 73
102 61
102 60
102 164
102 193
102 301
102 324
102 344
103 73
103 96
103 107
103 182
103 213
103 271
103 7
103 180
104 75
104 43
104 65
104 86
104 73
104 114
104 138
104 55
104 181
104 127
104 192
104 196
104 205
104 218
104 209
104 207
104 270
104 263
104 304
104 331
104 338
104 341
104 352
105 73
105 43
105 172
105 214
105 333
105 353
106 75
106 167
106 194
106 313
106 310
106 353
107 56
107 83
107 116
107 123
107 131
108 75
108 84
108 98
108 147
108 191
108 211
108 196
109 57
109 86
109 94
109 89
109 109
109 152
109 178
109 216
109 217
109 212
109 222
109 330
109 329
110 81
110 68
110 106
110 107
110 125
110 208
110 130
111 73
111 81
111 97
111 132
111 133
112 61
112 59
112 60
112 158
112 164
112 123
112 188
113 73
113 151
113 183
113 205
113 196
113 212
113 248
113 336
114 83
114 124
114 119
114 116
114 258
115 70
115 96
115 78
115 66
115 113
115 108
115 105
115 118
115 174
115 217
115 222
116 82
116 81
116 112
116 191
116 221
117 85
117 94
117 96
117 181
117 152
117 218
117 258
118 84
118 86
118 147
118 207
118 138
119 75
119 158
119 166
119 184
119 187
120 56
120 123
120 142
120 233
120 256
121 65
121 82
121 118
121 142
121 125
121 171
121 197
121 192
121 157
122 39
122 66
122 158
122 164
122 178
122 183
122 180
122 266
123 55
123 89
123 81
123 77
123 195
123 211
123 196
123 224
123 225
123 243
123 242
123 247
123 285
123 316
123 298
124 87
124 90
124 74
124 115
124 111
124 131
124 141
124 155
124 174
124 211
125 88
125 87
125 157
125 207
125 217
125 255
126 88
126 107
126 134
126 78
126 159
126 206
126 191
126 232
126 259
127 80
127 79
127 110
127 208
127 305
127 320
128 84
128 54
128 77
128 107
128 89
128 98
128 114
128 117
128 109
128 138
128 115
128 111
128 119
128 195
128 147
128 172
128 175
128 211
128 202
128 132
128 133
128 139
128 205
128 197
129 68
129 81
129 77
129 101
129 120
129 231
129 228
129 242
129 248
129 251
129 232
129 284
129 297
129 317
129 327
130 92
130 148
130 150
130 156
130 164
130 170
130 161
130 234
130 230
130 220
130 250
130 274
130 265
130 293
130 279
130 303
130 308
130 311
130 296
130 335
131 68
131 103
131 144
131 232
131 295
132 57
132 209
132 171
132 152
132 147
132 197
132 241
133 92
133 100
133 131
133 134
133 139
133 176
133 169
133 177
133 202
133 223
133 241
133 269
134 54
134 81
134 90
134 87
134 86
134 91
135 74
135 115
135 159
135 185
135 225
135 261
135 258
135 290
136 81
136 96
136 90
136 102
136 91
136 113
136 108
136 153
136 176
136 216
136 218
136 225
136 242
136 264
136 288
136 302
136 306
136 335
137 93
137 121
137 160
137 208
137 196
137 183
137 260
137 282
137 270
138 87
138 109
138 103
138 136
138 175
139 94
139 122
139 130
139 120
139 118
139 131
139 140
139 157
139 168
140 97
140 96
140 102
140 110
140 119
140 121
140 131
140 127
140 139
140 124
140 155
140 178
140 171
140 147
140 172
140 190
140 197
140 202
140 196
140 227
140 244
140 246
140 256
140 266
140 275
140 304
140 310
140 318
140 324
140 331
140 330
140 334
140 349
140 353
141 74
141 142
141 152
141 191
141 197
142 85
142 141
142 151
142 185
142 228
142 230
142 277
142 319
143 96
143 121
143 105
143 174
143 163
143 310
144 99
144 85
144 102
144 152
144 188
144 258
144 255
144 259
144 290
144 291
144 292
144 310
144 308
144 311
144 340
144 350
145 100
145 96
145 123
145 116
145 58
145 158
146 92
146 85
146 145
146 160
146 189
146 225
146 192
146 247
146 258
146 210
146 237
146 243
146 287
146 286
146 297
146 309
146 231
146 339
146 306
147 90
147 130
147 125
147 145
147 146
147 154
147 322
147 349
148 82
148 76
148 106
148 134
148 160
148 144
148 146
148 170
148 176
149 58
149 103
149 124
149 135
149 134
149 74
149 64
149 77
149 138
149 140
149 170
149 218
149 200
149 326
150 101
150 89
150 125
150 105
150 171
150 223
150 297
151 76
151 171
151 245
151 262
151 267
152 70
152 57
152 84
152 68
152 89
152 98
152 85
152 94
153 102
153 97
153 66
153 95
153 122
153 67
153 129
153 168
153 165
153 195
153 243
153 234
153 256
153 261
153 266
153 271
153 281
153 275
153 277
153 278
153 289
153 307
153 305
153 306
153 324
153 350
154 80
154 76
154 209
154 176
154 220
155 60
155 59
155 143
155 76
155 256
156 77
156 102
156 86
156 98
156 320
157 102
157 159
157 254
157 306
157 325
158 55
158 54
158 98
158 103
158 64
158 86
158 66
159 98
159 107
159 188
159 169
159 74
159 99
159 69
160 60
160 81
160 103
160 123
160 129
160 86
160 144
161 58
161 64
161 124
161 183
161 215
161 268
161 326
162 104
162 97
162 54
162 131
162 149
162 150
162 166
162 190
162 186
162 287
162 301
162 308
162 338
162 342
162 349
163 98
163 103
163 109
163 111
163 138
163 165
164 74
164 94
164 107
164 115
164 145
164 251
164 255
164 288
165 96
165 108
165 85
165 107
165 106
166 92
166 58
166 107
166 169
166 176
166 290
166 296
166 338
166 349
167 87
167 77
167 100
167 88
167 120
167 104
167 147
167 108
167 163
167 166
167 172
167 190
167 182
167 195
167 181
167 191
167 214
167 204
167 211
167 216
167 229
167 239
167 281
167 297
167 317
167 322
167 321
167 319
167 329
167 330
167 325
167 340
167 349
167 353
168 81
168 122
168 216
168 249
168 261
169 97
169 78
169 231
169 237
169 257
169 247
169 273
169 320
170 89
170 132
170 133
170 181
170 207
170 190
170 238
171 74
171 118
171 177
171 194
171 302
172 91
172 77
172 117
172 67
172 120
172 152
172 170
172 175
172 157
172 118
172 263
172 270
172 292
172 300
172 308
173 78
173 133
173 132
173 64
173 220
173 238
173 236
173 234
173 274
173 298
173 285
173 328
173 346
174 115
174 120
174 177
174 193
174 255
174 324
175 48
175 99
175 67
175 177
175 241
175 261
175 340
176 108
176 133
176 216
176 230
176 298
176 323
177 114
177 175
177 293
177 300
177 325
177 334
178 110
178 125
178 206
178 224
178 295
178 309
179 108
179 144
179 156
179 153
179 160
179 163
179 184
179 189
179 194
179 198
179 197
179 209
179 180
179 252
179 226
179 245
179 262
179 267
179 265
179 274
179 283
179 280
179 278
179 293
179 279
179 312
180 117
180 136
180 125
180 170
180 198
180 207
180 183
180 179
180 228
180 224
180 238
180 252
180 234
180 272
180 270
180 291
181 109
181 120
181 127
181 136
181 129
181 157
181 248
182 74
182 115
182 118
182 112
182 157
182 203
182 173
182 187
182 216
182 230
182 210
182 274
182 306
183 73
183 75
183 191
183 205
183 217
183 181
183 222
183 301
184 120
184 109
184 133
184 132
184 140
184 237
184 257
185 110
185 109
185 121
185 135
185 175
185 153
185 242
185 218
185 282
185 319
186 122
186 118
186 157
186 206
186 202
186 225
186 216
186 188
186 230
186 249
186 247
186 248
186 253
186 260
186 297
186 308
186 313
186 343
187 87
187 113
187 188
187 189
187 225
187 231
187 234
187 264
187 291
187 292
187 344
188 126
188 213
188 217
188 251
188 342
189 129
189 175
189 235
189 227
189 86
190 108
190 185
190 154
190 195
190 202
190 228
190 250
190 257
190 232
190 260
190 261
190 264
190 259
190 272
190 285
190 269
190 281
190 303
190 304
190 314
190 318
190 315
190 323
190 328
190 335
190 343
190 350
191 126
191 54
191 247
191 101
191 277
192 48
192 125
192 171
192 191
192 212
192 297
192 315
193 119
193 157
193 197
193 192
193 285
193 319
194 136
194 142
194 160
194 165
194 170
194 224
194 232
194 259
194 304
194 334
194 341
195 117
195 154
195 199
195 194
195 298
195 327
196 137
196 192
196 185
196 141
196 223
196 201
196 220
196 240
196 235
196 244
196 241
196 281
196 277
196 315
196 319
196 345
197 128
197 230
197 218
197 253
197 259
198 108
198 150
198 156
198 260
198 276
199 131
199 145
199 168
199 189
199 188
199 202
199 216
199 228
199 249
199 247
199 259
199 266
199 272
199 273
199 281
199 287
199 286
199 301
199 307
199 316
199 325
199 338
199 345
200 122
200 148
200 145
200 163
200 230
200 272
200 277
200 293
200 300
200 348
201 131
201 161
201 203
201 245
201 307
201 336
202 75
202 81
202 87
202 82
202 84
202 85
202 100
202 141
203 95
203 200
203 321
203 336
203 337
204 134
204 144
204 170
204 176
204 193
204 275
204 300
204 291
204 337
205 126
205 165
205 195
205 181
205 205
205 190
205 286
205 200
205 312
205 341
205 352
206 99
206 163
206 173
206 268
206 272
206 270
206 277
206 314
206 325
207 112
207 120
207 147
207 140
207 181
207 198
207 300
207 306
208 87
208 84
208 90
208 89
208 157
208 91
208 48
209 119
209 130
209 211
209 231
209 215
209 329
210 144
210 145
210 150
210 152
210 175
210 200
210 233
210 225
210 253
210 236
210 264
210 283
210 278
210 291
211 68
211 175
211 91
211 255
211 332
212 145
212 201
212 221
212 269
212 352
213 148
213 170
213 190
213 186
213 226
213 262
213 267
213 279
213 283
213 287
213 298
213 294
213 300
213 316
213 321
213 340
213 342
214 108
214 158
214 161
214 173
214 192
214 213
215 83
215 143
215 166
215 172
215 179
215 167
215 195
215 204
215 210
215 214
216 155
216 170
216 219
216 180
216 237
217 158
217 159
217 183
217 229
217 194
217 268
218 165
218 152
218 191
218 218
218 264
219 161
219 184
219 193
219 219
219 187
219 236
219 289
219 307
220 166
220 190
220 197
220 222
220 234
220 270
220 292
221 160
221 252
221 278
221 270
221 299
221 294
221 308
221 312
222 152
222 183
222 202
222 233
222 257
222 301
222 318
222 326
223 171
223 147
223 181
223 206
223 211
223 196
223 195
223 218
223 222
223 248
224 154
224 165
224 159
224 181
224 201
224 207
224 247
225 174
225 124
225 172
225 243
225 179
225 238
225 280
225 242
225 253
225 252
225 221
225 250
225 304
225 240
225 249
225 321
225 322
225 329
225 325
225 305
225 292
225 332
225 347
226 174
226 124
226 172
226 243
226 179
226 238
226 280
226 242
226 253
226 252
226 221
226 250
226 304
226 240
226 249
226 321
226 322
226 329
226 325
226 305
226 292
226 332
226 347
227 159
227 191
227 197
227 202
227 205
227 196
227 247
227 248
227 270
227 273
227 282
227 302
227 320
228 104
228 216
228 147
228 144
228 204
229 188
229 215
229 334
229 335
229 339
229 343
229 347
230 186
230 125
230 211
230 209
230 236
230 265
231 141
231 205
231 223
231 247
231 216
232 172
232 195
232 170
232 194
232 175
232 185
232 190
232 199
232 214
232 282
232 226
232 319
232 334
233 153
233 180
233 211
233 283
233 296
234 206
234 314
234 332
234 336
234 344
235 169
235 176
235 184
235 300
235 134
236 191
236 202
236 189
236 268
236 282
237 151
237 194
237 225
237 253
237 290
238 215
238 235
238 240
238 241
238 239
238 261
238 269
238 315
239 235
239 242
239 249
239 247
239 241
239 272
239 337
239 340
239 344
240 239
240 259
240 251
240 250
240 269
240 99
240 311
241 112
241 317
241 331
241 327
241 340
241 341
242 260
242 301
242 330
242 333
242 337
243 285
243 273
243 284
243 233
243 228
243 212
243 249
243 327
244 297
244 317
244 332
244 331
244 342
245 292
245 304
245 307
245 321
245 348
